263.104 3.55397
30.2164 74.7278
177.827 32.9509
182.228 32.7963
362.554 43.6642
362.554 43.6642
176.875 45.9186
132.154 60.1785
138.025 60.4242
232.853 61.4198
145.922 78.8609
145.654 25.5762
366.906 40.587
193.813 46.7903
175.015 50.3679
275.097 60.9531
57.5146 78.0402
57.5146 78.0402
313.5 181.659
184.863 201.409
49.9053 261.383
221.938 5.28259
107.449 5.79326
131.738 10.0131
131.738 10.0131
268.039 62.0326
75.0055 151.945
185.086 233.677
180.333 6.16074
201.385 6.415
210.798 6.32716
145.674 10.2698
145.674 10.2698
190.24 198.151
180.826 228.508
48.9914 130.035
322.385 59.1242
