244.051 3.53837
9.74218 74.6981
158.548 33.0405
162.939 32.8733
341.877 44.2104
341.877 44.2104
157.277 46.0255
107.576 60.2294
113.533 60.4726
214.015 61.5531
121.393 78.9742
126.946 25.5819
346.35 41.1397
174.119 46.8982
155.388 50.4027
256.214 61.0311
38.1764 78.0064
38.1764 78.0064
281.816 181.661
142.418 201.657
29.8026 262.007
202.953 5.32384
88.2783 5.69627
112.843 9.91549
112.843 9.91549
249.12 62.1537
55.7006 152
143.162 234.015
160.939 6.13214
182.349 6.48381
191.627 6.37296
126.814 10.3091
126.814 10.3091
147.833 198.291
138.88 228.665
28.5616 130.204
302.333 59.3569
